|0000|006|0|||01012025|31012025|TRANSPORTADORA EXEMPLO LTDA|11222333000181|SP|3543402||00|9|
|0001|0|
|0110|1|2|1||
|0111|400000,00|200000,00|0|0|600000,00|
|0150|FOR000001|POSTO COMBUSTIVEL EXEMPLO LTDA|1058|22333444000199||123456789|3543402||AV BRASIL|100||CENTRO|
|0150|FOR000002|OFICINA MECANICA EXEMPLO LTDA|1058|33444555000110||987654321|3543402||RUA DAS PECAS|200||CENTRO|
|0150|FOR000003|AGREGADOS - SUBCONTRATADOS PF|1058|11222333000181||111222333|3543402||ROD EXEMPLO KM 10|0||ZONA RURAL|
|0150|FOR000004|TRANSPORTES PARCEIROS PJ LTDA|1058|44555666000122||444555666|3543402||AV DOS CAMINHOES|300||DISTRITO INDUSTRIAL|
|0200|DIESEL S10|OLEO DIESEL S10|||UN|10|27101921||27||0|
|0200|PEDAGIO|VALE PEDAGIO|||UN|10|||||0|
|0200|SUB. CONT. P.F|SUBCONTRATADOS PESSOA FISICA|||UN|10|||||0|
|0200|SUB CONT. P.J|SUBCONTRATADOS PESSOA JURIDICA|||UN|10|||||0|
|0200|SERVIÇO TOMADO|SERVIÇO TOMADO|||UN|10|||||0|
|0500|01012015|04|A|5|534|DESPESAS C/VEICULOS|3.01.01.03.01.03||
|0500|01012015|04|A|5|536|COMBUSTIVEIS E LUBRIFICANTES|3.01.01.03.01.04||
|0500|01012015|04|A|5|550|PEDAGIO E ESTACIONAMENTO|3.01.01.03.01.07||
|0500|01012015|04|A|5|624|DESPESAS C/ SUBCONTRATADAS PF|3.01.01.03.01.05||
|0500|01012015|04|A|5|642|DESPESAS C/ SUBCONTRATADAS PJ|3.01.01.03.01.06||
|0500|01122013|01|A|5|121|VEICULOS|1.02.03.01.08||
|A100|0|1|FOR000002|00|1||500||10012025|10012025|1000|9|0|1000|16,5|1000|76|0|0|0|
|A170|1|SERVIÇO TOMADO||1000|0|03|0|50|1000|1,65|16,5|50|1000|7,6|76|534|
|C100|0|1|FOR000001|55|00|0|1001|35250111222333000181550010000010011000000010|15012025|15012025|5000|2|0|0|5000|9|0|0|0|0|0|0|0|0|82,5|380|0|0|
|C170|1|DIESEL S10||1000|L|5000|0|0|060|1653|1031|0|0|0|0|0|0||||0|0|0|50|5000|1,65|||82,5|50|5000|7,6|||380|536|
|C100|0|1|FOR000001|55|00|0|1002|35250111222333000181550010000010021000000020|16012025|16012025|200|2|0|0|200|9|0|0|0|0|0|0|0|0|3,3|15,2|0|0|
|C170|2|PEDAGIO||1|UN|200|0|0|060|1653|1060|0|0|0|0|0|0||||0|0|0|50|200|1,65|||3,3|50|200|7,6|||15,2|550|
|F100|0|FOR000003|SUB. CONT. P.F|31012025|150000,00|50|82000,00|1,2375|1014,75|50|82000,00|5,7|4674,00|01|0|624||
|F100|0|FOR000004|SUB CONT. P.J|31012025|80000,00|50|36000,00|1,65|594,00|50|36000,00|7,6|2736,00|01|0|642||
|F130|10|06|0|9|032023|240000,00|0|240000,00|4|56|5000,00|1,65|82,50|56|5000,00|7,6|380,00|121||
|M100|101|0|6200,00|1,65|0||102,30|0|0|0|102,30|0|0|0|
|M100|102|0|118000,00|1,65|0||1608,75|0|0|0|1608,75|0|0|0|
|M100|201|0|3333,50|1,65|0||55,00|0|0|0|55,00|0|0|0|
|M105|01|50|6200,00|0|0|6200,00|6200,00||0|0|
|M105|02|50|118000,00|0|0|118000,00|118000,00||0|0|
|M105|10|56|5000,00|0|1666,50|3333,50|3333,50|66,67|0|0|
|M200|6600,00|1766,05|4833,95|0|0|0|0|0|0|0|0|0|
|M210|01|400000,00|400000,00|0|0|400000,00|1,65|0||6600,00|0|0|0|0|6600,00|0|
|M400|08|200000,00|410|
|M410|401|200000,00|411|
|M500|101|0|6200,00|7,6|0||471,20|0|0|0|471,20|0|0|0|
|M500|102|0|118000,00|7,6|0||8968,00|0|0|0|8968,00|0|0|0|
|M500|201|0|3333,50|7,6|0||253,35|0|0|0|253,35|0|0|0|
|M505|01|50|6200,00|0|0|6200,00|6200,00||0|0|
|M505|02|50|118000,00|0|0|118000,00|118000,00||0|0|
|M505|10|56|5000,00|0|1666,50|3333,50|3333,50|66,67|0|0|
|M600|30400,00|9692,55|20707,45|0|0|0|0|0|0|0|0|0|
|M610|01|400000,00|400000,00|0|0|400000,00|7,6|0||30400,00|0|0|0|0|30400,00|0|
|M800|08|200000,00|410|
|M810|401|200000,00|411|
|1100|012025|01||201|55,00|0|55,00|0|0|0|55,00|0|0|0|0|0|55,00|
|1100|122024|01||201|55,00|0|55,00|0|0|0|55,00|0|0|0|0|0|55,00|
|1500|012025|01||201|253,35|0|253,35|0|0|0|253,35|0|0|0|0|0|253,35|
|1500|122024|01||201|253,35|0|253,35|0|0|0|253,35|0|0|0|0|0|253,35|
|9900|0000|1|
|9900|0110|1|
|9900|0111|1|
|9900|A100|1|
|9900|A170|1|
|9900|C100|2|
|9900|C170|2|
|9900|F100|2|
|9900|F130|1|
|9900|M100|3|
|9900|M105|3|
|9900|M200|1|
|9900|M210|1|
|9900|M400|1|
|9900|M410|1|
|9900|M500|3|
|9900|M505|3|
|9900|M600|1|
|9900|M610|1|
|9900|M800|1|
|9900|M810|1|
|9900|1100|2|
|9900|1500|2|
